%inds=[2,3,4,6,7];
%001, 010, 011, 101,110
inds=[2,3,4,5,6,8,10,11,12,13,14,15];
%missing 0000,0001,0110,1111
R=pointtensor(4,inds,1);